%YAML:1.0
---
cameraMatrixL: !!opencv-matrix
   rows: 3
   cols: 3
   dt: d
   data: [ 2.4862469749244665e+03, 0., 1.2073523316097667e+03, 0.,
       2.4865446280672609e+03, 1.0137619363810016e+03, 0., 0., 1. ]
cameraDistcoeffL: !!opencv-matrix
   rows: 5
   cols: 1
   dt: d
   data: [ -9.1958721709313615e-02, 2.6120945834234421e-01,
       -3.2832413596077616e-03, -2.7733362541452230e-03,
       -1.9014052673562043e-01 ]
cameraMatrixR: !!opencv-matrix
   rows: 3
   cols: 3
   dt: d
   data: [ 2.4511007290440325e+03, 0., 1.2207629094483573e+03, 0.,
       2.4535289999383244e+03, 9.9634091301150568e+02, 0., 0., 1. ]
cameraDistcoeffR: !!opencv-matrix
   rows: 5
   cols: 1
   dt: d
   data: [ -9.6467915449379729e-02, 2.0928989674236795e-01,
       -2.2744982092500043e-03, -8.8564003656693246e-04,
       -3.1532382519625264e-02 ]
R: !!opencv-matrix
   rows: 3
   cols: 3
   dt: d
   data: [ 9.3786206713764531e-01, -1.1335442107092359e-02,
       -3.4682308281967017e-01, 1.0630296039918901e-02,
       9.9993575180324501e-01, -3.9356158073359888e-03,
       3.4684541200714575e-01, 4.2327326773188359e-06,
       9.3792231029636852e-01 ]
T: !!opencv-matrix
   rows: 3
   cols: 1
   dt: d
   data: [ 2.2145358683892638e+02, -3.5839787623702019e-03,
       2.0164202597552531e+01 ]
Rl: !!opencv-matrix
   rows: 3
   cols: 3
   dt: d
   data: [ 9.6544959080016390e-01, -1.1304474676970731e-02,
       -2.6034457258808708e-01, 1.0973813741650722e-02,
       9.9993607652220884e-01, -2.7236522051979819e-03,
       2.6035871991496579e-01, -2.2742394124098254e-04,
       9.6551192910424022e-01 ]
Rr: !!opencv-matrix
   rows: 3
   cols: 3
   dt: d
   data: [ 9.9588019742365708e-01, -1.6117207801374180e-05,
       9.0678730249454109e-02, -9.8168411747158110e-05,
       9.9999920656985508e-01, 1.2558752418757569e-03,
       -9.0678678543418267e-02, -1.2596030707465533e-03,
       9.9587940568008715e-01 ]
Pl: !!opencv-matrix
   rows: 3
   cols: 4
   dt: d
   data: [ 2.3533957402080687e+03, 0., 1.4774702415466309e+03, 0., 0.,
       2.3533957402080687e+03, 1.0029874572753906e+03, 0., 0., 0., 1.,
       0. ]
Pr: !!opencv-matrix
   rows: 3
   cols: 4
   dt: d
   data: [ 2.3533957402080687e+03, 0., 1.4774702415466309e+03,
       5.2332391915090673e+05, 0., 2.3533957402080687e+03,
       1.0029874572753906e+03, 0., 0., 0., 1., 0. ]
Q: !!opencv-matrix
   rows: 4
   cols: 4
   dt: d
   data: [ 1., 0., 0., -1.4774702415466309e+03, 0., 1., 0.,
       -1.0029874572753906e+03, 0., 0., 0., 2.3533957402080687e+03, 0.,
       0., -4.4970154317166590e-03, 0. ]
